61553397872349
61554654491593
100017131725142
61552275814418
61554849206121
100084912244211
100084391216942
100045934054630
100073050065541
100090096560630
100089922430386
61554424749692
61550723276979
100089503275245
100081084728697
100036783547987
61550558649753
100089764057239
100089509622335
61554321494090
100069451230919
100017214751023
100092820288707
100058240196335
100074298217133
100086310309022
100095296592383
100076052251995
100091300207904
61555188086083
61555240656260
100081522308418
100050352911805
100089954146902
100078933155940